ForestE1 4 93 84 -999 158 153 -999 -999 159 -999 162 -999 -999 150 162 145 146
ForestE1 4 93 84 -999 158 155 -999 -999 173 -999 162 -999 -999 150 185 145 146
ForestE2 4 93 68 -999 150 -999 145 90 -999 -999 154 -999 253 147 181 147 146
ForestE2 4 97 68 -999 158 -999 153 96 -999 -999 162 -999 255 150 181 147 146
ForestE3 4 97 -999 -999 150 155 145 90 147 -999 154 -999 -999 150 162 143 144
ForestE3 4 97 -999 -999 158 155 153 96 147 -999 154 -999 -999 150 162 147 146
ForestE4 4 93 -999 -999 158 -999 -999 96 173 -999 154 248 253 148 162 145 146
ForestE4 4 93 -999 -999 158 -999 -999 106 173 -999 162 248 255 150 185 147 146
ForestE5 4 93 -999 -999 158 155 149 106 159 -999 154 -999 243 148 162 145 140
ForestE5 4 95 -999 -999 158 155 155 106 159 -999 162 -999 245 148 185 147 146
UnknownE1 57 93 62 185 146 145 151 94 165 218 170 240 243 145 177 137 148
UnknownE1 57 99 62 193 152 147 271 100 187 223 170 260 245 145 189 143 148
UnknownE2 57 93 62 185 146 145 151 94 165 220 162 240 243 145 177 137 148
UnknownE2 57 99 62 193 152 147 151 100 187 223 170 260 245 145 189 143 148
SavannaE1 74 95 62 185 152 147 -999 94 165 223 168 242 -999 -999 177 141 150
SavannaE1 74 103 64 193 152 149 -999 106 165 223 172 242 -999 -999 177 141 154
SavannaE2 74 97 62 -999 152 147 249 106 161 223 168 -999 239 149 177 143 152
SavannaE2 74 103 62 -999 158 149 249 108 167 223 168 -999 239 151 179 143 154
SavannaE3 74 97 62 191 160 147 -999 110 165 223 168 -999 243 149 177 141 154
SavannaE3 74 103 62 191 160 147 -999 110 165 225 168 -999 243 151 179 141 154
SavannaE4 74 97 62 187 156 147 249 106 165 223 168 -999 243 145 177 141 152
SavannaE4 74 105 62 187 158 147 271 110 165 223 172 -999 247 151 177 141 154
SavannaE5 74 103 64 187 152 147 249 106 165 223 172 242 245 149 177 141 154
SavannaE5 74 105 64 187 160 147 249 110 165 223 172 242 245 151 179 141 154
